2024 01 15 12 30 -5
2024 01 16 14 0 -3
2024 01 17 10 15 -8
2024 02 05 11 0 2
2024 02 10 13 45 5
2024 02 20 16 30 0
2024 03 01 9 0 10
2024 03 15 12 0 15
2024 03 25 8 30 12
2024 04 10 12 0 20
2024 04 20 15 30 18
2024 05 05 10 0 25
2024 05 15 14 30 30
2024 06 01 9 0 28
2024 06 20 16 0 35
2024 07 10 13 0 38
2024 07 25 12 30 40
2024 08 05 11 0 32
2024 08 15 14 0 28
2024 09 10 10 0 25
2024 09 20 15 30 20
2024 10 05 9 0 15
2024 10 15 12 0 10
2024 11 10 11 0 5
2024 11 25 14 30 0
2024 12 01 10 0 -2
2024 12 20 16 0 -10